                                                  Adresa            PC           Hexazecimal
CLR (R0) 		|1000000000 10 0000            |0                  |2               |8020  
MOV R2,R3 		|0000 01 0010 01 0011          |2                  |4               |0493
MOV R1,(R2)5    |0000 01 0001 11 0010          |4                  |6               |0472
5				|0000 00 0000 00 0101          |6                  |8               |0005
ADD R1,1  		|0001 01 0001 00 0000          |8                  |10              |1440
1				|0000 00 0000 00 0001          |10                 |12              |0001
Eticheta: 		|00000 0000 0000 1100          |12                 |14              |000C
ADD (R3)2,R4	|0001 11 0011 01 0100          |14				   |16              |1CD4
2				|0000 00 0000 00 0010		   |16			       |18              |0002
SUB (R5)15,R4	|0010 11 0101 01 0100    	   |18                 |20              |2D54
15				|0000 00 0000 00 1111          |20                 |22              |000F
DEC R7			|1000000011 10 0111            |22                 |24              |80E7
JMP 36(R1)      |1000001011 11 0001            |24                 |26              |82F1
36				|0000 0000 0010 0100           |26                 |28				|0024
MOV R2,12		|0000 01 0010 00 0000          |28                 |30				|0480
12              |0000 00 0000 00 1100          |30                 |32
ADD R12,R9		|0001 01 1100 01 1001          |32                 |34
POP R1			|1000001110 01 0001            |34                 |36
BNE Eticheta3   |1100 0001 0000 1000           |36                 |38
NOP				|1110000000001010              |38                 |40
Eticheta2		|0000 0000 0010 0110           |40                 |42            
PUSH_PC			|1110000000001111              |42                 |44
POP_PC			|1110000000010000              |44                 |46
Eticheta3       |0000 0000 0010 1110           |46                 |48
PUSH_FLAGS		|1110000000010001              |48                 |50
BR Eticheta2    |1100 0000 0000 1100           |50                 |52
POP_FLAGS		|1110000000010010              |52                 |54
ADD (R12)1,(R9)2|0001 11 1100 11 1001          |54                 |56
1				|0000 00 0000 00 0001          |56                 |58
2				|0000 00 0000 00 0010	       |58                 |60
BR Eticheta3    |1100 0000 1111 0010           |60                 |62
BEQ Eticheta2   |1100 0010 1110 1000           |62                 |64
BVS Eticheta    |1100 0111 1100 1010           |64                 |66
BVC Eticheta2   |1100 1000 1110 0100           |66                 |68
    
	            
12-56=-44/2=
56-12=44
19=   0001 0011
-19=  1110 1101

1100000000000100
 1110 0000 0001 0001
 
  1100 0000 1110 1110
 